SUBJECT: DK738 BASELINE
DATE: 24-Sep-2013

START TIME: 15:41:54

SCALE (pixels/cm): 7.0003
RESOLUTION (pixels): 800x600
BOUNDS (pixels): (0,0), (0,600), (800,600), (800,0)

TIME_(s)	X_POSITION_(cm)	Y_POSITION_(cm)	ORIENTATION_(degrees)	LENGTH_(cm)
0.000	71.26	69.35	-29.85	8.80
0.267	71.68	69.65	-23.14	7.84
0.533	70.88	69.70	12.57	7.93
0.667	70.25	70.17	17.62	8.17
0.733	69.83	70.57	18.76	8.23
0.800	69.28	71.04	20.54	8.00
0.867	68.84	71.31	20.72	8.01
1.000	68.30	71.54	24.17	8.13
1.133	67.79	71.87	26.88	8.81
1.267	67.22	72.52	27.74	8.77
1.400	66.58	73.11	28.64	8.82
1.467	66.13	73.45	28.37	8.99
1.533	65.72	73.73	28.85	8.98
1.933	66.22	73.72	31.68	7.93
2.133	66.81	73.62	39.18	7.23
2.467	67.41	73.92	63.13	6.97
2.733	68.05	74.09	81.25	7.24
2.933	68.63	74.43	-84.33	7.69
3.400	68.30	73.84	70.97	6.84
3.533	67.92	73.42	47.43	6.59
3.867	67.36	73.41	23.50	7.32
4.000	66.87	73.29	11.94	7.70
4.133	66.09	73.12	4.34	7.55
4.267	65.61	72.84	-0.27	7.63
4.600	65.11	73.02	-4.16	7.58
4.733	64.70	73.33	-6.86	7.82
4.867	64.10	73.29	-8.70	8.25
5.067	63.57	73.32	-5.87	8.58
5.267	63.05	73.45	-3.63	9.10
5.467	62.51	73.65	-7.21	8.94
6.200	62.50	73.13	-48.53	7.99
6.467	63.26	72.95	-40.47	11.29
6.667	62.66	72.53	-58.37	8.14
9.000	63.12	73.60	-46.77	8.74
9.133	63.29	74.33	-43.03	7.92
11.800	63.55	74.76	-39.23	7.53
12.067	64.08	74.75	-54.51	6.80
12.400	64.58	74.73	-66.91	6.93
12.733	64.96	74.34	-86.64	6.87
15.867	64.60	74.70	-45.88	7.22
16.667	64.27	75.11	-19.92	7.23
18.733	64.89	75.04	-26.32	8.15
19.400	65.16	74.62	-51.54	7.22
19.733	65.63	74.39	-62.24	7.45
21.733	66.23	74.45	-78.63	6.94
22.000	67.02	74.28	64.35	6.96
22.400	67.59	74.25	32.29	7.08
22.533	68.15	74.34	19.72	7.75
22.667	68.85	74.57	13.58	8.06
22.800	69.70	74.64	15.55	7.82
23.333	70.23	74.71	2.74	7.42
24.333	69.71	74.59	27.12	8.03
24.533	70.14	74.29	34.37	8.90
24.667	70.74	74.22	38.40	9.10
24.800	71.42	73.86	45.23	9.40
24.933	71.68	73.40	47.07	9.71
25.000	72.20	72.84	47.86	8.21
25.533	72.37	73.79	44.94	9.15
25.600	72.72	73.22	40.89	7.69
26.067	73.24	73.31	22.19	7.30
26.133	72.97	74.59	25.71	9.04
26.267	75.60	73.48	73.30	32.80
26.400	72.81	73.33	27.86	7.06
26.467	72.27	73.44	43.07	6.30
26.667	72.71	72.90	75.22	7.29
26.733	72.86	72.11	86.86	7.57
26.800	72.68	70.91	-81.10	7.63
26.867	72.33	69.99	-74.04	8.01
26.933	72.07	68.93	-66.63	8.29
27.000	71.80	67.40	-60.85	8.74
27.067	71.31	66.08	-65.67	8.74
27.133	70.90	64.76	-71.91	8.64
27.200	70.95	63.32	-72.58	8.63
27.267	71.26	61.92	-77.22	8.36
27.333	71.64	60.66	-87.80	8.45
27.400	71.72	59.47	81.64	8.58
27.467	72.35	58.27	81.52	8.82
27.533	73.03	56.45	81.11	9.10
27.600	73.50	54.23	82.95	8.75
27.667	73.67	51.96	87.57	8.84
27.733	73.75	50.02	-86.64	8.71
27.800	73.57	48.09	-82.06	8.13
27.867	73.29	46.24	-79.95	8.23
27.933	73.14	44.39	-79.67	8.10
28.000	72.85	42.38	-77.66	8.31
28.067	72.63	40.25	-73.51	8.26
28.133	72.37	38.02	-78.46	7.81
28.200	72.49	36.33	-81.18	8.15
28.267	72.65	34.40	-84.49	8.21
28.333	72.84	32.17	-84.24	8.11
28.400	72.72	29.98	-84.44	8.10
28.467	72.64	28.05	-80.90	8.07
28.533	72.48	26.32	-75.02	8.51
28.600	72.15	24.67	-70.95	7.95
28.667	71.54	22.77	-74.57	7.91
28.733	71.14	20.98	-73.40	7.98
28.800	70.71	19.23	-70.39	8.38
28.867	70.09	17.68	-67.09	8.36
28.933	69.60	17.30	-60.27	6.67
29.067	69.51	17.86	-43.84	6.92
29.133	68.84	17.67	-31.92	7.36
29.200	67.92	17.00	-14.49	7.48
29.267	66.09	16.65	-6.27	7.74
29.333	64.61	16.72	-1.74	8.11
29.400	62.83	16.71	5.44	7.77
29.467	61.76	16.67	11.99	8.82
29.533	61.28	16.90	17.70	9.20
29.600	59.75	17.51	23.29	6.08
29.667	60.76	17.10	23.09	9.29
29.733	59.87	17.47	22.64	8.75
29.800	58.89	17.78	20.41	8.37
29.867	57.48	17.86	18.70	7.98
29.933	56.30	17.85	13.81	8.15
30.000	54.91	18.10	9.58	8.11
30.067	53.68	18.27	4.21	5.51
30.133	55.53	17.68	10.99	8.73
30.200	56.31	17.49	15.39	7.12
30.267	56.88	17.33	27.23	6.56
30.400	57.35	17.85	44.74	7.12
30.467	57.27	18.52	59.46	7.76
30.533	57.25	19.67	69.60	8.25
30.600	57.39	20.95	77.62	8.73
30.667	57.45	22.56	82.81	7.84
30.733	57.51	23.46	86.00	8.61
30.800	57.86	24.47	84.29	9.19
30.867	58.20	25.34	87.55	9.34
30.933	58.41	26.54	-89.81	8.73
31.000	58.53	27.77	-88.27	8.45
31.333	58.92	27.10	80.01	6.79
31.467	58.39	26.77	61.27	6.91
31.667	57.39	27.07	38.67	7.43
31.733	56.33	26.92	28.30	7.63
31.867	55.67	27.09	6.25	7.81
32.067	54.09	25.84	-23.13	5.15
32.133	55.15	25.66	-20.76	7.58
32.200	54.43	25.20	-34.46	5.41
32.267	55.38	25.51	-32.62	7.87
32.400	54.81	25.04	-45.09	4.90
32.467	55.95	25.65	-42.30	6.42
32.600	56.49	24.86	-72.73	6.18
32.667	56.82	23.90	89.30	6.66
32.733	57.58	22.14	82.69	6.68
32.800	58.21	20.52	73.66	6.27
32.867	58.98	19.12	74.27	6.46
32.933	59.96	18.41	70.29	6.05
33.000	60.78	17.56	56.64	6.24
33.067	61.33	17.06	47.40	6.72
33.133	62.79	16.60	35.60	6.77
33.200	64.47	15.95	22.88	7.01
33.267	66.31	15.11	9.49	7.20
33.333	68.15	14.73	5.85	6.86
33.400	69.49	14.79	7.42	6.73
33.467	70.17	14.60	5.39	7.47
33.600	70.14	14.10	5.43	7.13
33.667	69.62	14.10	7.26	5.81
33.867	69.06	14.10	4.68	5.69
34.000	69.39	14.53	-23.91	6.79
34.067	70.30	15.40	-34.58	7.02
34.133	71.39	16.91	-53.24	5.94
34.200	72.13	17.40	-76.82	6.99
34.267	72.36	18.37	88.95	6.93
34.333	72.37	18.88	81.23	7.35
34.467	72.15	19.52	68.60	7.46
35.133	71.57	18.94	20.56	6.87
35.267	70.93	18.50	8.01	7.08
35.600	70.41	18.03	-4.47	7.02
35.733	69.70	17.87	-9.78	7.22
36.200	70.17	17.67	-19.17	6.47
36.333	69.99	16.85	-32.43	6.83
36.467	69.63	16.13	-48.85	7.79
36.733	70.12	15.80	-60.26	6.26
36.867	70.66	16.05	-65.25	4.01
37.000	71.03	15.51	84.16	5.52
37.400	70.27	15.44	-44.31	6.07
37.533	69.32	15.00	-23.48	5.90
37.600	68.75	14.64	-15.17	6.03
37.867	68.23	14.51	0.73	7.17
38.133	67.72	14.95	26.78	7.86
38.200	67.26	15.31	32.16	7.90
38.867	66.73	15.54	42.25	7.56
39.600	67.17	15.22	43.78	6.45
39.933	67.44	15.99	65.16	7.38
40.067	67.56	16.98	80.58	7.47
40.400	68.10	16.77	-77.29	6.16
40.533	68.87	16.91	-53.12	6.85
40.667	69.99	17.32	-39.51	7.03
40.733	70.82	17.58	-41.53	6.64
40.933	70.86	16.89	-37.65	5.75
41.067	71.09	16.29	-20.52	5.65
41.267	71.62	16.20	-36.18	6.11
41.400	71.96	17.30	-62.95	6.64
41.467	72.34	17.87	-73.81	6.87
41.533	72.84	18.45	-82.45	6.66
41.600	73.05	19.03	-87.85	6.20
41.733	73.14	19.94	79.18	7.06
41.867	73.33	20.83	76.68	6.99
41.933	73.07	21.64	72.47	7.46
42.067	73.27	22.29	77.11	7.84
42.267	73.33	23.01	83.93	7.11
42.400	73.24	23.87	82.88	7.06
42.467	73.25	24.44	82.75	7.99
42.600	73.55	25.45	80.61	8.01
42.800	73.47	26.63	85.21	9.16
42.933	73.74	27.19	85.35	9.37
43.067	73.90	27.92	86.95	9.83
43.200	73.98	28.57	89.14	9.99
43.400	73.87	27.74	84.27	8.10
43.667	73.40	28.37	71.73	8.65
43.800	73.32	28.97	67.59	9.36
44.200	74.01	27.71	82.66	5.81
44.267	73.33	28.82	65.39	8.83
44.533	73.73	28.49	75.77	8.20
45.000	73.78	27.99	75.26	6.77
45.133	73.74	27.15	59.01	6.14
45.400	73.52	26.65	45.14	6.22
45.933	72.82	27.06	47.87	7.50
46.067	72.52	27.60	50.01	7.92
46.267	72.39	28.26	53.00	8.75
46.400	72.23	29.03	53.52	8.66
46.533	71.94	29.53	49.31	8.75
46.800	72.47	28.96	39.65	7.03
46.933	72.44	28.42	19.40	6.57
47.133	72.00	27.69	-2.62	6.89
47.200	71.83	27.13	-9.53	6.84
47.333	71.82	26.54	-27.95	6.96
47.600	72.10	25.88	-55.02	6.13
47.667	72.12	25.27	-69.85	6.26
47.733	72.27	24.63	-75.88	6.77
47.867	72.88	24.55	-89.83	6.59
48.000	73.20	23.91	82.21	7.23
48.400	73.15	23.05	-88.05	7.04
48.467	73.06	22.37	-82.17	7.00
48.533	72.99	21.62	-71.30	7.31
48.733	72.35	21.18	-44.88	7.07
48.867	71.87	20.75	-30.92	7.35
49.000	71.43	20.23	-27.14	8.01
49.200	70.14	19.53	-24.30	5.85
49.333	71.20	20.13	-27.39	8.87
49.400	70.09	19.49	-24.08	5.59
49.667	71.16	20.23	1.20	7.17
50.067	70.82	20.76	38.14	7.24
50.467	70.45	21.19	42.02	7.78
51.000	71.33	20.52	55.31	6.22
51.200	71.69	20.93	84.47	6.97
51.333	72.10	20.36	-85.39	6.75
51.467	72.54	20.89	-72.99	7.07
51.600	73.00	21.27	-72.66	7.19
51.933	72.70	20.63	-65.42	5.85
52.600	72.36	21.02	88.72	6.62
54.000	72.86	21.37	64.05	6.60
54.400	72.31	20.91	10.54	6.40
54.533	71.62	20.43	-13.37	6.78
54.733	71.11	19.55	-40.23	6.75
54.800	70.56	18.69	-58.87	5.52
55.000	71.52	19.38	-58.72	6.11
55.200	72.20	18.42	-82.16	6.61
55.267	72.39	17.77	-84.33	6.61
55.333	72.42	17.15	-88.11	6.56
55.800	72.28	16.57	-53.58	6.21
55.867	71.56	16.16	-42.70	6.69
55.933	70.53	15.30	-31.26	4.86
56.000	69.87	14.84	-19.56	4.83
56.133	69.07	14.29	-9.37	3.94
56.200	69.95	14.34	-6.08	6.40
56.400	69.43	14.37	-3.35	7.45
56.600	68.82	14.10	0.50	8.10
56.800	67.71	13.87	1.64	8.45
56.867	66.88	13.67	1.79	8.35
56.933	65.89	13.82	-0.15	8.32
57.000	64.55	13.89	-0.49	8.45
57.067	63.79	13.70	1.69	8.99
57.133	62.99	13.57	3.84	8.86
57.400	62.34	13.70	-0.11	9.97
57.533	62.84	13.71	5.04	9.14
57.667	60.67	14.30	20.87	5.75
57.733	60.12	14.58	25.35	5.66
57.867	60.61	14.77	21.82	8.56
58.267	60.10	14.78	25.96	9.06
58.400	58.27	15.67	23.43	4.90
58.467	59.76	14.94	24.09	9.90
58.733	58.29	15.89	40.34	5.77
58.867	58.12	16.46	50.31	6.31
58.933	59.03	15.79	48.04	9.00
59.133	59.62	15.50	69.29	6.93
59.267	60.42	15.79	-89.04	6.48
59.333	61.12	15.89	-76.53	5.98
59.467	61.89	16.10	-45.57	6.86
59.600	62.53	16.11	-33.10	7.16
59.733	64.14	16.03	-10.69	6.57
59.800	65.26	16.03	-2.86	6.92
59.867	66.82	15.75	-5.19	7.00
59.933	68.20	15.47	-8.39	6.37
60.000	69.23	15.54	-7.20	6.73
60.067	69.90	15.36	-11.56	6.99
60.133	70.97	15.07	-15.89	7.36
60.200	71.60	14.92	-22.07	6.82
60.267	72.18	15.21	-22.01	4.26
60.333	71.72	14.76	-48.55	6.04
60.467	72.23	15.40	-67.78	6.67
60.600	72.43	15.87	-74.25	6.66
61.000	72.18	16.33	73.84	6.55
61.600	72.67	16.59	81.03	6.99
62.133	72.51	16.11	67.32	6.28
62.467	72.48	16.72	69.52	7.39
64.067	72.61	15.99	65.37	6.27
65.000	72.19	15.48	27.96	6.52
65.133	70.24	15.50	-3.23	5.18
65.267	70.36	14.85	-7.75	7.77
67.133	70.99	14.84	54.36	6.42
67.267	71.45	15.36	77.46	6.34
67.600	71.31	14.85	-71.02	5.84
67.933	71.47	15.43	-62.88	6.85
68.067	72.19	15.86	-57.76	6.95
68.400	71.71	15.39	-38.94	5.52
68.600	71.40	14.76	-19.10	4.20
68.867	71.73	14.32	15.58	4.98
69.333	72.48	14.72	-37.97	6.51
69.467	72.68	15.44	-54.47	6.98
69.533	72.98	15.99	-66.53	6.54
69.667	73.00	16.65	-88.76	7.01
69.800	72.98	16.14	-85.64	6.34
69.933	73.18	15.50	-87.85	6.46
70.067	73.49	14.93	-88.38	6.02
70.333	73.46	15.63	-83.89	7.13
70.400	73.23	16.42	-89.24	7.42
70.467	73.17	17.24	80.32	7.76
70.533	73.06	18.16	72.70	7.67
70.600	72.62	19.27	72.35	8.33
70.667	72.27	20.43	69.00	8.44
70.733	72.20	21.43	63.11	8.76
70.800	71.91	22.59	63.67	8.60
70.867	71.58	23.29	66.22	8.90
70.933	71.37	23.99	66.05	9.36
71.000	71.34	24.55	66.26	9.10
71.067	71.33	25.44	65.73	8.75
71.133	71.50	26.05	68.77	8.10
71.200	71.38	26.62	73.01	8.00
71.333	71.42	27.64	76.88	8.47
71.400	71.55	29.07	78.76	8.72
71.467	71.67	30.85	80.58	8.31
71.533	71.61	32.66	82.78	8.27
71.600	71.60	33.99	83.81	8.85
71.667	71.79	35.76	83.96	8.64
71.733	72.07	37.81	87.51	8.17
71.800	72.36	40.10	-85.33	8.01
71.867	72.57	41.98	-86.69	8.49
71.933	72.83	44.16	88.41	8.63
72.000	72.86	46.43	85.18	8.11
72.067	72.79	48.44	86.12	8.45
72.133	72.75	50.55	85.07	8.61
72.200	72.75	52.69	83.28	8.52
72.267	72.64	54.99	88.34	8.28
72.333	72.77	57.25	89.40	8.17
72.400	72.82	59.43	87.50	8.36
72.467	72.77	61.42	88.50	8.15
72.533	72.88	63.28	-86.65	8.50
72.600	73.03	65.40	87.75	8.50
72.667	73.07	67.22	83.57	8.43
72.733	72.90	68.94	84.30	8.21
72.800	72.85	70.27	87.45	8.68
72.867	73.14	70.92	-88.74	8.50
73.267	73.10	71.45	76.58	7.54
73.333	72.77	72.65	57.49	7.11
73.400	72.40	73.01	46.62	7.36
73.533	71.50	73.20	26.86	7.94
73.600	70.68	73.68	16.23	8.33
73.667	69.34	74.14	8.18	8.30
73.733	68.64	74.02	5.63	8.31
73.933	68.19	74.28	5.53	8.75
74.000	67.52	74.42	6.57	8.91
74.067	66.52	74.56	7.52	8.94
74.133	65.53	74.77	5.81	9.38
74.200	64.60	74.95	2.62	9.47
74.333	65.10	74.85	-5.34	8.08
74.600	64.63	73.93	-27.37	8.69
74.667	63.71	73.20	-35.42	8.78
74.733	62.67	72.12	-40.98	9.00
74.800	61.39	70.98	-43.93	9.23
74.867	60.50	70.33	-46.90	9.22
74.933	59.80	69.27	-44.24	9.74
75.000	59.05	68.32	-42.89	9.90
75.067	58.38	67.70	-43.51	9.84
75.133	57.55	67.00	-44.36	9.95
75.200	56.91	66.79	-44.40	9.85
75.267	56.22	66.27	-39.84	9.80
75.333	55.62	65.77	-40.04	10.33
75.400	55.09	65.21	-39.00	10.22
75.533	55.51	65.72	-39.11	9.84
75.600	56.61	66.80	-35.64	8.46
75.667	57.18	67.35	-30.70	7.46
75.800	56.34	67.88	-7.30	8.73
75.867	55.26	68.27	3.18	8.78
75.933	53.64	68.93	14.41	8.68
76.000	52.03	69.62	21.17	8.42
76.067	50.57	70.48	24.93	8.54
76.133	48.77	71.60	22.51	8.41
76.200	46.62	72.76	16.12	7.95
76.267	44.68	73.46	13.93	8.38
76.333	42.79	74.03	9.35	8.12
76.400	40.41	74.39	1.20	8.11
76.467	38.22	74.45	-1.32	8.05
76.533	36.07	74.57	2.08	8.39
76.600	33.78	74.72	0.47	8.50
76.667	31.64	74.55	-3.88	8.06
76.733	29.97	74.21	-8.52	8.52
76.800	28.29	73.98	-8.16	8.40
76.867	26.46	73.95	-9.78	8.22
76.933	24.40	73.85	-12.24	8.23
77.000	22.66	73.52	-6.00	8.51
77.067	21.30	73.47	-3.99	9.01
77.200	21.64	74.05	-7.75	7.09
77.267	22.17	74.30	-13.41	7.26
77.400	21.70	73.94	-31.59	7.26
77.800	22.24	74.06	-39.50	6.71
78.133	22.71	74.21	-53.77	6.11
78.267	22.61	73.55	-66.49	7.46
78.400	22.46	72.24	-86.56	7.87
78.467	22.53	70.70	79.96	8.00
78.533	23.01	69.37	77.74	8.86
78.600	23.47	67.77	75.39	8.77
78.667	23.56	66.78	72.23	9.51
78.733	23.51	66.07	74.04	9.89
79.067	23.25	66.62	80.87	8.75
79.133	23.13	67.34	81.99	8.17
79.200	23.05	68.09	89.80	7.97
79.400	23.49	66.98	65.46	8.41
79.467	24.08	66.28	59.83	8.97
79.533	24.41	65.89	58.17	9.29
80.333	23.51	66.71	68.41	8.06
80.400	23.30	67.31	76.79	7.12
80.600	22.72	66.93	-58.59	6.88
80.667	21.88	66.80	-35.48	6.99
80.733	20.83	66.84	-13.38	7.31
80.800	19.66	66.77	8.81	7.78
80.867	18.87	67.20	21.44	7.90
80.933	18.33	68.15	35.28	7.89
81.000	17.71	69.22	54.09	8.02
81.067	16.82	70.64	71.62	7.84
81.133	16.70	72.16	84.07	7.88
81.267	16.87	71.57	-83.89	6.21
81.400	17.61	71.52	-48.79	7.25
81.467	18.81	72.39	-33.74	8.22
81.533	20.26	73.17	-27.60	8.24
81.600	21.57	73.90	-23.57	8.07
81.667	22.41	74.35	-22.32	8.01
81.800	22.01	73.84	-24.72	6.27
81.933	22.42	74.31	-21.23	5.44
82.333	22.67	74.85	22.45	2.54
82.400	22.55	75.48	68.25	3.87
82.600	22.07	74.46	-77.39	3.50
82.667	21.97	73.94	-57.86	3.95
82.733	22.34	74.34	-37.13	5.91
82.800	22.80	74.59	-20.58	6.88
82.867	23.28	74.74	-8.81	7.41
82.933	23.97	74.89	-0.51	7.62
83.000	25.09	74.63	11.35	8.37
83.200	24.19	74.69	20.90	6.60
83.400	24.82	74.00	40.45	7.47
83.467	25.45	72.97	49.51	8.10
83.533	25.82	71.74	56.76	7.94
83.600	26.20	70.87	62.44	8.22
84.400	25.81	71.46	65.17	6.70
84.467	25.51	71.87	74.21	6.43
84.667	24.49	71.35	-78.94	7.30
84.733	23.90	70.73	-64.54	7.05
84.800	23.44	69.99	-50.65	7.40
84.867	22.72	69.21	-44.15	8.00
84.933	22.14	69.18	-46.34	8.03
85.067	21.29	68.40	-49.45	8.04
85.133	20.60	67.69	-58.71	7.52
85.267	20.37	66.97	-71.53	7.74
85.400	20.00	65.90	-75.56	8.40
85.467	19.23	64.32	-75.60	8.31
85.533	18.27	62.57	-76.89	7.80
85.600	17.65	60.54	-69.90	8.17
85.667	17.17	59.12	-71.79	8.37
85.733	16.56	57.45	-75.89	8.39
85.800	16.15	55.58	-82.46	8.13
85.867	16.12	53.84	-83.57	8.34
85.933	15.96	52.11	-88.35	8.38
86.000	15.95	50.41	88.71	8.55
86.067	16.10	48.94	82.74	8.02
86.133	16.42	47.53	79.38	8.04
86.200	16.52	46.02	76.68	8.14
86.267	16.64	44.46	76.45	8.17
86.333	16.70	42.77	80.18	8.08
86.400	16.83	40.90	88.38	7.60
86.467	16.52	39.67	-86.42	7.70
86.533	16.24	38.92	-78.42	7.65
86.600	16.09	38.28	-74.93	8.44
86.800	16.39	38.94	-74.24	6.41
86.867	16.74	39.43	-67.95	5.95
87.000	16.83	39.93	-52.25	5.45
87.200	16.89	40.45	-51.28	2.99
87.600	16.38	39.52	-69.60	6.60
87.667	16.39	38.45	-84.96	6.84
87.733	16.62	36.80	81.97	6.94
87.800	16.90	35.68	71.49	7.10
87.867	17.00	34.88	62.74	7.79
88.000	17.46	34.46	47.71	7.13
88.133	18.25	34.03	36.41	7.90
88.333	18.44	34.56	11.52	7.23
88.400	19.40	34.91	2.00	7.60
88.467	20.17	35.21	-4.92	8.13
88.533	21.01	35.03	-11.81	8.40
88.600	21.62	35.14	-9.35	8.32
88.867	21.75	35.69	-25.52	6.36
89.333	22.62	36.15	-27.97	9.17
89.400	23.50	36.92	-30.62	9.41
89.533	22.82	37.05	-38.52	7.39
89.600	22.18	36.66	-44.79	6.61
89.733	21.61	36.55	-61.55	6.19
89.800	21.46	37.04	-78.23	6.81
89.867	21.12	37.77	86.97	7.06
89.933	20.44	38.73	70.79	6.74
90.000	19.57	39.87	56.73	7.12
90.067	18.66	41.06	54.10	7.60
90.133	17.44	42.21	58.01	7.53
90.200	17.04	42.64	57.83	7.77
90.333	17.95	42.01	44.80	6.33
